0.057136
0.069596
0.057777
0.056445
0.051652
0.05651
0.07509
0.055917
0.052326
0.057418
0.066901
0.052461
0.050943
0.052145
0.056914
0.05498
0.05707
0.052225
0.050534
0.049624
0.053424
0.057193
0.060492
0.057007
0.059935
0.05663
0.053726
0.057446
0.06111
0.0519
0.055529
0.060997
0.056098
0.057748
0.056252
0.056424
0.055334
0.057315
0.053331
0.060931
0.054876
0.057768
0.052107
0.05146
0.057314
0.056141
0.049153
0.082944
0.04962
0.058482
0.055305
0.054639
0.055498
0.057194
0.049513
0.057878
0.062303
0.050995
0.049737
0.05633
0.056732
0.051865
0.048106
0.051684
0.076669
0.051928
0.050663
0.058201
0.051517
0.051931
0.051331
0.056755
0.056731
0.056181
0.048852
0.048591
0.05855
0.06506
0.055549
0.05816
0.050657
0.051549
0.059352
0.05664
0.072475
0.057369
0.058543
0.076599
0.056914
0.049608
0.07759
0.051025
0.058215
0.049966
0.053122
0.055389
0.049902
0.057898
0.049602
0.052597
0.057147
0.050493
0.063743
0.048687
0.047337
0.044798
0.04414
0.063741
0.046024
0.04981
0.053598
0.050915
0.052725
0.060036
0.05905
0.053766
0.044882
0.046549
0.047551
0.048905
0.057204
0.050995
0.049058
0.054813
0.051912
0.052679
0.063613
0.053947
0.051782
0.048385
0.053625
0.052578
0.055446
0.052544
0.052712
0.04593
0.05248
0.053937
0.046766
0.051619
0.051117
0.046161
0.047744
0.054247
0.070719
0.050623
0.052102
0.046296
0.049164
0.04691
0.047069
0.052427
0.045826
0.067556
0.051839
0.051871
0.048186
0.05351
0.05031
0.046077
0.053817
0.051504
0.044432
0.045848
0.046696
0.047365
0.048826
0.053737
0.051924
0.047432
0.051593
0.04822
0.061143
0.046826
0.047543
0.058381
0.048972
0.051337
0.069681
0.07606
0.046946
0.052887
0.08056
0.0833
0.046922
0.052359
0.046104
0.05417
0.052795
0.046356
0.050725
0.049868
0.048821
0.052229
0.050941
0.051781
0.052232
0.056083
0.047806
0.046988
