0.0585
0.051359
0.048926
0.05655
0.054955
0.048048
0.046775
0.072129
0.050635
0.04827
0.05773
0.056018
0.063554
0.055745
0.057871
0.056827
0.054695
0.070085
0.077809
0.049746
0.048411
0.130761
0.056427
0.047913
0.068111
0.056406
0.062841
0.053716
0.056513
0.056208
0.055318
0.055316
0.046812
0.052026
0.056024
0.060466
0.057719
0.057408
0.051689
0.054833
0.050166
0.055803
0.051739
0.061153
0.055531
0.055669
0.049304
0.059753
0.046564
0.054555
0.048438
0.058453
0.057024
0.057647
0.066491
0.053264
0.056352
0.050553
0.047014
0.04901
0.056422
0.047297
0.047211
0.059958
0.048443
0.058497
0.05747
0.053374
0.04974
0.058228
0.050087
0.057372
0.051891
0.047365
0.051291
0.052675
0.057665
0.050428
0.048271
0.090485
0.048035
0.052911
0.05718
0.067324
0.093782
0.066639
0.052799
0.056536
0.049201
0.048329
0.062981
0.049035
0.061778
0.073306
0.051645
0.052438
0.047876
0.04963
0.055069
0.054249
